34,5
34,3
34,0
27,14
27,11
27,10
27,6
27,5
27,4
27,3
27,0
26,5
26,4
26,3
26,0
25,5
25,4
25,3
25,0
24,5
24,4
24,3
24,0
19,6
19,3
19,0
18,5
18,3
18,0
13,3
13,0
12,4
12,3
12,0
11,25
11,24
11,23
11,22
11,21
11,20
11,19
11,18
11,17
11,16
11,15
11,14
11,13
11,12
11,11
11,10
11,9
11,8
11,7
10,21
10,20
10,19
10,18
10,17
10,16
10,15
10,14
10,13
10,12
10,11
10,10
10,9
10,8
10,7
10,6
9,24
9,23
9,22
9,21
9,20
9,19
9,18
9,17
9,16
9,15
9,14
9,13
9,12
9,11
9,10
9,9
9,8
9,7
9,6
9,5
8,9
8,8
8,7
8,6
8,5
8,4
8,3
8,0
7,3
5,128
5,127
5,126
5,125
5,124
5,123
5,122
5,121
5,120
5,119
5,118
5,117
5,116
5,115
5,114
5,113
5,112
5,111
5,110
5,109
5,108
5,107
5,106
5,105
5,104
5,103
5,102
5,101
5,100
5,99
5,98
5,97
5,96
5,95
5,94
5,93
5,92
5,91
5,90
5,89
5,88
5,87
5,86
5,85
5,84
5,83
5,82
5,81
5,80
5,79
5,78
5,77
5,76
5,75
5,74
5,73
5,72
5,71
5,69
5,68
5,67
5,66
5,65
5,64
5,34
5,33
5,31
5,30
5,28
5,24
5,23
5,22
5,19
5,18
5,17
5,11
5,10
5,9
5,8
5,7
5,6
5,3
4,7
4,6
4,5
4,4
4,3
3,2
2,2
1,2
0,226
0,225
0,223
0,220
0,215
0,214
0,213
0,210
0,209
0,208
0,207
0,206
0,203
0,202
0,201
0,200
0,198
0,197
0,196
0,63
0,61
0,60
0,57
0,55
0,52
0,51
0,9
0,2
35,0
35,3
36,5
38,3
39,3
40,0
40,5
41,0
41,6
42,3
42,5
43,3
44,3
44,4
45,2
45,3
45,5
45,7
46,0
46,8
46,11
46,15
47,3
59,0
60,3
60,4
60,6
62,0
62,7
62,10
68,5
68,21
68,24
68,38
69,3
70,0
70,4
71,0
72,0
73,0
119,0
119,3
121,0
121,4
121,6
127,3
127,4
139,0
143,0
143,3
144,0
144,3
144,6
145,3
145,4
148,0
148,3
148,6
148,7
148,10
149,6
151,0
151,5
156,0
193,0
193,5
194,2
195,0
195,3
196,1
196,3
197,5
198,5
199,1
200,1
200,3
201,2
201,6
202,0
202,3
202,5
203,2
203,3
204,0
204,3
204,4
204,8
205,0
205,3
206,0
206,2
207,1
207,3
208,0
208,3
208,5
209,1
209,3
209,6
210,0
210,3
211,1
211,2
211,5
212,1
212,4
213,0
213,2
213,5
214,1
214,4
214,5
215,3
215,6
216,0
216,3
216,5
217,2
217,5
218,0
218,3
218,5
219,2
219,4
220,0
220,3
220,4
221,2
221,3
221,6
222,1
222,3
223,0
223,1
223,4
224,0
224,3
224,6
224,8
225,1
225,3
226,1
226,4
227,0
227,3
227,4
228,2
228,5
229,0
229,3
230,0
230,3
230,5
230,8
231,2
231,4
232,2
232,4
233,2
233,5
233,6
234,2
234,3
235,1
235,3
235,6
236,2
236,4
237,0
237,2
237,5
238,1
238,3
238,6
239,0
239,3
239,5
240,1
240,4
240,6
241,1
241,3
242,2
243,0
243,2
244,0
244,1
245,0
245,3
245,4
246,2
246,3
247,0
247,2
248,0
248,3
249,0
249,3
249,5
250,2
250,5
251,0
251,4
252,0
252,3
253,0
253,3
254,1
254,3
254,6
255,1
255,4
256,2
256,4
257,2
257,3
258,2
258,3
259,1
259,4
260,1
260,4
261,1
261,4
262,2
262,3
263,0
263,1
263,3
263,4
264,1
264,3
264,4
265,1
265,2
265,4
266,1
266,2
266,4
267,0
267,2
267,4
268,0
268,2
268,3
268,5
269,0
269,2
269,4
270,0
270,2
270,3
270,5
271,1
271,2
271,4
272,0
272,2
272,3
273,0
273,2
273,3
274,0
274,1
274,3
274,5
275,0
275,2
275,3
275,5
275,6
275,8
276,1
276,2
276,4
276,5
276,7
277,1
277,2
277,4
277,5
277,7
278,1
278,2
278,4
278,5
279,1
279,2
279,4
279,6
280,0
280,2
280,3
280,5
281,0
281,1
281,3
281,4
282,1
282,2
282,4
282,6
282,7
283,1
283,2
283,4
284,0
284,1
284,3
285,0
285,2
285,3
285,5
285,7
286,0
286,2
286,3
286,5
286,7
287,0
287,2
287,3
288,0
288,2
288,3
289,0
289,1
289,3
289,4
290,1
290,3
290,4
290,6
290,7
291,1
291,3
291,4
291,6
291,7
292,1
292,2
292,4
292,6
292,7
293,0
293,1
293,3
294,0
294,1
294,3
294,4
295,1
295,2
295,4
295,6
296,0
296,2
296,3
297,0
297,2
297,3
297,5
298,0
298,2
298,3
298,5
299,1
299,2
299,4
299,5
300,1
300,3
300,4
301,1
301,2
301,4
302,1
302,2
302,4
302,5
303,1
303,2
303,4
303,6
304,0
304,2
304,3
304,5
305,1
305,2
305,4
305,5
306,0
306,1
306,3
306,5
306,6
307,1
307,2
307,4
308,0
308,1
308,3
308,4
309,1
309,2
309,4
310,1
310,2
310,4
310,5
310,7
311,1
311,2
311,4
311,5
311,7
311,9
312,0
312,2
312,3
312,5
312,6
313,1
313,3
313,4
313,6
314,0
314,2
314,4
314,5
315,0
315,1
315,3
315,4
315,6
316,0
316,1
316,3
316,4
317,1
317,3
317,4
317,6
317,7
318,1
318,2
318,4
318,6
319,0
319,2
319,3
320,0
320,2
320,3
320,5
320,6
321,1
321,2
321,4
322,1
322,2
322,4
323,0
323,2
323,4
323,5
324,1
324,2
325,0
325,2
325,3
326,0
326,1
326,3
326,4
326,6
326,8
327,0
327,2
327,3
327,5
328,1
328,2
328,4
329,0
329,2
329,3
330,0
330,2
330,3
331,0
331,1
331,3
332,0
332,1
332,3
332,4
333,0
333,1
333,3
333,5
333,6
334,0
334,1
334,3
334,5
335,0
335,2
335,3
335,5
336,1
336,2
336,4
336,5
337,0
337,1
337,3
337,5
337,6
338,1
338,2
338,4
339,1
339,2
339,4
340,0
340,2
340,3
340,5
341,0
341,1
341,3
341,4
342,1
342,3
342,4
342,6
342,7
343,1
343,2
343,4
344,1
344,2
344,4
344,5
345,1
345,3
345,4
346,1
346,2
346,4
347,0
347,2
347,4
347,5
348,1
348,2
348,4
349,0
349,1
349,3
349,4
350,1
350,3
350,4
350,6
351,0
351,2
351,3
351,5
351,7
351,8
352,1
352,2
352,4
353,0
353,1
353,3
353,4
354,1
354,2
354,4
355,1
355,2
355,4
355,5
356,1
356,3
356,4
357,1
357,2
357,4
358,0
358,2
358,4
359,0
359,2
359,3
359,5
359,7
360,0
360,2
360,3
360,5
361,1
361,2
361,4
361,5
362,0
362,1
362,3
362,5
363,0
363,2
363,3
363,5
364,0
364,1
364,3
364,4
365,0
365,1
365,3
365,5
365,6
366,1
366,2
366,4
367,0
367,1
367,3
367,4
368,1
368,2
369,0
369,2
369,3
369,5
369,6
370,1
370,3
370,4
371,0
371,1
371,3
372,0
372,1
372,3
372,4
373,1
373,2
373,4
374,0
374,1
374,3
374,4
375,0
375,2
375,3
376,0
376,1
376,3
376,4
377,1
377,3
377,4
378,0
378,1
378,3
379,1
379,2
379,4
380,0
380,2
380,3
380,5
381,0
381,1
381,3
381,4
381,6
382,1
382,2
382,4
382,5
383,1
383,2
383,4
383,6
384,0
384,2
384,3
384,5
385,1
385,2
385,4
385,5
385,7
386,0
386,1
386,3
386,4
386,6
387,0
387,2
387,4
387,5
388,0
388,1
388,3
388,5
388,6
389,1
389,2
389,4
390,0
390,2
390,4
390,5
391,1
391,2
391,4
392,1
392,2
392,4
393,0
393,2
393,3
393,5
394,0
394,1
394,3
394,4
395,0
395,2
395,3
396,0
396,1
396,3
396,5
397,0
397,2
397,3
397,5
397,6
398,1
398,3
398,4
399,0
399,1
399,3
399,5
399,6
400,1
400,2
400,4
400,5
401,1
401,3
401,4
401,6
402,0
402,2
402,4
402,5
402,7
402,8
403,1
403,2
403,4
404,1
404,2
404,4
404,5
405,0
405,2
405,3
405,5
406,0
406,2
406,3
407,0
407,2
407,3
408,0
408,1
408,3
408,5
408,6
409,0
409,1
409,3
410,1
410,2
410,4
411,0
411,2
411,3
412,0
412,2
412,3
412,5
412,6
413,1
413,3
413,4
414,1
414,2
414,4
415,0
415,2
415,4
416,0
416,2
416,3
416,5
416,7
417,0
417,2
417,3
418,0
418,1
418,3
418,5
419,0
419,2
419,3
420,0
420,2
420,3
420,5
422,0
422,2
422,4
422,5
422,7
422,8
423,0
423,1
423,3
424,1
424,2
425,0
425,1
425,3
426,1
426,2
427,0
427,1
427,3
428,0
428,2
429,0
429,1
429,3
430,0
430,2
431,0
431,1
431,3
432,0
432,2
432,3
433,1
433,3
434,0
434,2
434,3
434,5
435,0
435,1
435,3
435,4
436,1
436,2
436,4
436,6
436,7
436,9
436,10
437,0
437,2
437,3
437,5
437,6
438,1
438,3
438,4
438,6
439,0
439,2
439,3
440,0
440,2
440,3
440,5
441,0
441,2
441,4
441,5
442,0
442,1
442,3
442,4
443,0
443,2
443,3
443,5
444,0
444,2
444,4
445,0
445,2
445,3
445,5
446,0
446,2
447,0
447,1
447,3
447,4
447,6
448,0
448,1
448,3
449,0
449,2
450,0
450,1
450,3
450,4
450,6
451,0
451,2
451,4
451,5
452,0
452,1
452,3
453,0
453,1
453,3
453,4
453,6
453,7
454,1
454,3
454,4
455,0
455,1
455,3
455,5
456,0
456,2
456,3
456,5
457,0
457,2
457,4
457,5
458,0
458,1
458,3
459,0
459,1
459,3
459,4
460,0
460,2
460,3
460,5
460,6
461,0
461,1
461,3
461,5
462,0
462,2
462,3
462,5
463,1
463,2
464,0
464,1
464,3
464,4
465,0
465,2
465,3
466,0
466,1
466,3
466,5
467,0
467,2
467,3
467,5
468,0
468,2
468,4
468,5
469,1
469,2
469,4
470,0
470,1
470,3
470,4
471,0
471,1
471,3
472,0
472,1
472,3
472,4
473,0
473,2
473,3
473,5
474,0
474,2
474,4
474,5
475,1
475,2
475,4
476,0
476,2
477,0
477,1
477,3
477,4
477,6
478,0
478,1
478,3
478,4
479,1
479,2
479,4
480,1
480,2
480,4
481,0
481,2
481,4
482,0
482,2
482,3
482,5
483,0
483,2
483,4
484,0
484,2
484,3
485,0
485,2
485,3
486,0
486,1
486,3
487,0
487,1
487,3
487,4
488,1
488,2
488,4
489,1
489,2
489,4
489,5
489,7
489,9
489,10
489,12
489,13
489,15
489,16
489,18
489,20
489,21
489,23
489,24
489,26
489,28
489,29
489,31
489,32
489,34
489,35
489,37
489,39
489,40
489,42
489,43
489,45
489,47
489,48
489,50
489,51
489,53
489,54
490,0
490,2
490,3
491,1
491,2
492,0
492,2
492,3
493,1
493,2
494,0
494,2
494,3
495,0
495,1
495,3
496,0
496,2
497,0
497,1
497,3
498,0
498,2
499,0
499,1
499,3
500,0
500,2
500,3
501,1
501,3
502,0
502,2
502,3
503,1
503,3
504,0
504,2
504,3
504,1
503,2
503,0
502,1
501,2
501,0
500,1
499,2
498,3
498,1
497,2
496,3
496,1
495,2
494,4
494,1
493,3
493,0
492,1
491,3
491,0
490,1
489,55
489,52
489,49
489,46
489,44
489,41
489,38
489,36
489,33
489,30
489,27
489,25
489,22
489,19
489,17
489,14
489,11
489,8
489,6
489,3
489,0
488,3
488,0
487,2
486,4
486,2
485,4
485,1
484,4
484,1
483,3
483,1
482,4
482,1
481,3
481,1
480,3
480,0
479,3
479,0
478,2
477,7
477,5
477,2
476,3
476,1
475,3
475,0
474,3
474,1
473,4
473,1
472,5
472,2
471,4
471,2
470,5
470,2
469,5
469,3
469,0
468,3
468,1
467,4
467,1
466,4
466,2
465,4
465,1
464,5
464,2
463,3
463,0
462,4
462,1
461,4
461,2
460,7
460,4
460,1
459,5
459,2
458,4
458,2
457,6
457,3
457,1
456,4
456,1
455,4
455,2
454,5
454,2
454,0
453,5
453,2
452,4
452,2
451,6
451,3
451,1
450,5
450,2
449,3
449,1
448,2
447,7
447,5
447,2
446,3
446,1
445,4
445,1
444,3
444,1
443,4
443,1
442,5
442,2
441,6
441,3
441,1
440,4
440,1
439,4
439,1
438,5
438,2
438,0
437,4
437,1
436,11
436,8
436,5
436,3
436,0
435,2
434,6
434,4
434,1
433,2
433,0
432,1
431,2
430,3
430,1
429,2
428,3
428,1
427,2
426,3
426,0
425,2
424,3
424,0
423,2
422,9
422,6
422,3
422,1
420,4
420,1
419,4
419,1
418,4
418,2
417,4
417,1
416,6
416,4
416,1
415,3
415,1
414,3
414,0
413,2
413,0
412,4
412,1
411,4
411,1
410,3
410,0
409,2
408,7
408,4
408,2
407,4
407,1
406,4
406,1
405,4
405,1
404,6
404,3
404,0
403,3
403,0
402,6
402,3
402,1
401,5
401,2
401,0
400,3
400,0
399,4
399,2
398,5
398,2
398,0
397,4
397,1
396,4
396,2
395,4
395,1
394,5
394,2
393,6
393,4
393,1
392,3
392,0
391,3
391,0
390,3
390,1
389,3
389,0
388,4
388,2
387,6
387,3
387,1
386,5
386,2
385,8
385,6
385,3
385,0
384,4
384,1
383,5
383,3
383,0
382,3
382,0
381,5
381,2
380,6
380,4
380,1
379,3
379,0
378,2
377,5
377,2
377,0
376,2
375,4
375,1
374,5
374,2
373,5
373,3
373,0
372,2
371,4
371,2
370,5
370,2
370,0
369,4
369,1
368,3
368,0
367,2
366,5
366,3
366,0
365,4
365,2
364,5
364,2
363,6
363,4
363,1
362,4
362,2
361,6
361,3
361,0
360,4
360,1
359,6
359,4
359,1
358,3
358,1
357,3
357,0
356,2
356,0
355,3
355,0
354,3
354,0
353,2
352,5
352,3
352,0
351,6
351,4
351,1
350,5
350,2
350,0
349,2
348,5
348,3
348,0
347,3
347,1
346,3
346,0
345,2
345,0
344,3
344,0
343,3
343,0
342,5
342,2
342,0
341,2
340,6
340,4
340,1
339,3
339,0
338,3
338,0
337,4
337,2
336,6
336,3
336,0
335,4
335,1
334,4
334,2
333,7
333,4
333,2
332,5
332,2
331,4
331,2
330,4
330,1
329,4
329,1
328,3
328,0
327,4
327,1
326,7
326,5
326,2
325,4
325,1
324,3
324,0
323,3
323,1
322,3
322,0
321,3
321,0
320,4
320,1
319,4
319,1
318,5
318,3
318,0
317,5
317,2
317,0
316,2
315,7
315,5
315,2
314,6
314,3
314,1
313,5
313,2
313,0
312,4
312,1
311,8
311,6
311,3
311,0
310,6
310,3
310,0
309,3
309,0
308,2
307,5
307,3
307,0
306,4
306,2
305,6
305,3
305,0
304,4
304,1
303,5
303,3
303,0
302,3
302,0
301,3
301,0
300,2
300,0
299,3
299,0
298,4
298,1
297,4
297,1
296,4
296,1
295,5
295,3
295,0
294,2
293,4
293,2
292,8
292,5
292,3
292,0
291,5
291,2
291,0
290,5
290,2
290,0
289,2
288,4
288,1
287,4
287,1
286,6
286,4
286,1
285,6
285,4
285,1
284,2
283,5
283,3
283,0
282,5
282,3
282,0
281,2
280,6
280,4
280,1
279,5
279,3
279,0
278,3
278,0
277,6
277,3
277,0
276,6
276,3
276,0
275,7
275,4
275,1
274,4
274,2
273,4
273,1
272,4
272,1
271,3
271,0
270,4
270,1
269,3
269,1
268,4
268,1
267,3
267,1
266,3
266,0
265,3
265,0
264,2
264,0
263,2
262,4
262,1
261,2
260,3
259,3
259,0
258,0
257,0
256,0
255,2
254,4
254,0
253,2
252,2
251,2
250,3
250,0
249,1
248,2
247,3
246,5
246,0
245,1
244,3
243,3
242,4
242,0
241,0
240,3
240,0
239,2
238,4
237,6
237,3
236,5
236,1
235,5
235,0
234,0
233,3
233,0
232,0
231,1
230,6
230,2
229,2
228,3
228,0
227,1
226,2
225,4
225,0
224,5
224,2
223,3
222,4
222,0
221,5
221,0
220,1
219,5
219,0
218,2
217,4
217,1
216,2
215,4
215,1
214,2
213,3
212,6
212,3
211,4
210,5
210,2
209,4
208,6
208,2
207,4
207,0
205,5
205,2
204,6
204,1
203,5
203,0
202,2
201,5
201,0
199,4
198,1
197,0
195,5
194,5
193,4
156,3
151,3
148,12
148,9
148,4
145,6
145,0
144,4
143,4
139,3
127,5
127,0
121,3
119,5
73,3
71,3
70,3
69,4
68,32
68,16
68,0
62,5
60,5
60,0
47,4
46,14
46,3
45,8
45,4
45,0
44,0
43,0
42,0
40,6
40,3
38,5
36,0
